uint8_t step_num01=51;	
float Motor_Plan01[4][501]=
{{0.0000,-0.0223,-0.1728,-0.5651,-1.2978,-2.4541,-4.1034,-6.3011,-9.0894,-12.4979,-16.5442,-21.2347,-26.5651,-32.5212,-39.0799,-46.2099,-53.8723,-62.0220,-70.6081,-79.5751,-88.8636,-98.4114,-108.1539,-118.0257,-127.9606,-137.8930,-147.7580,-157.4927,-167.0366,-176.3317,-185.3239,-193.9625,-202.2016,-209.9994,-217.3196,-224.1308,-230.4074,-236.1296,-241.2837,-245.8623,-249.8651,-253.2985,-256.1767,-258.5217,-260.3640,-261.7431,-262.7083,-263.3191,-263.6459,-263.7712,-263.7898},
{0.0000,-0.0223,-0.1727,-0.5648,-1.2971,-2.4528,-4.1012,-6.2977,-9.0845,-12.4911,-16.5353,-21.2233,-26.5507,-32.5036,-39.0588,-46.1849,-53.8431,-61.9883,-70.5697,-79.5317,-88.8150,-98.3574,-108.0945,-117.9607,-127.8900,-137.8166,-147.6760,-157.4051,-166.9434,-176.2332,-185.2201,-193.8537,-202.0879,-209.8811,-217.1969,-224.0041,-230.2769,-235.9957,-241.1466,-245.7225,-249.7229,-253.1542,-256.0307,-258.3742,-260.2154,-261.5937,-262.5583,-263.1687,-263.4953,-263.6206,-263.6391},
{0.0000,-0.0223,-0.1727,-0.5649,-1.2972,-2.4530,-4.1015,-6.2981,-9.0851,-12.4920,-16.5364,-21.2247,-26.5525,-32.5058,-39.0614,-46.1880,-53.8467,-61.9925,-70.5744,-79.5371,-88.8210,-98.3641,-108.1019,-117.9687,-127.8987,-137.8261,-147.6861,-157.4160,-166.9550,-176.2454,-185.2329,-193.8671,-202.1019,-209.8957,-217.2121,-224.0198,-230.2931,-236.0122,-241.1636,-245.7398,-249.7405,-253.1721,-256.0487,-258.3925,-260.2338,-261.6122,-262.5768,-263.1872,-263.5139,-263.6392,-263.6577},
{0.0000,-0.0223,-0.1728,-0.5652,-1.2979,-2.4543,-4.1037,-6.3015,-9.0900,-12.4987,-16.5453,-21.2361,-26.5668,-32.5234,-39.0825,-46.2130,-53.8759,-62.0262,-70.6129,-79.5805,-88.8697,-98.4181,-108.1613,-118.0338,-127.9694,-137.9024,-147.7682,-157.5036,-167.0481,-176.3440,-185.3368,-193.9761,-202.2157,-210.0141,-217.3348,-224.1466,-230.4237,-236.1463,-241.3007,-245.8797,-249.8828,-253.3165,-256.1949,-258.5400,-260.3825,-261.7617,-262.7269,-263.3377,-263.6646,-263.7900,-263.8085}
};
float t_plan01[51]=
{0.0000,0.1000,0.2000,0.3000,0.4000,0.5000,0.6000,0.7000,0.8000,0.9000,1.0000,1.1000,1.2000,1.3000,1.4000,1.5000,1.6000,1.7000,1.8000,1.9000,2.0000,2.1000,2.2000,2.3000,2.4000,2.5000,2.6000,2.7000,2.8000,2.9000,3.0000,3.1000,3.2000,3.3000,3.4000,3.5000,3.6000,3.7000,3.8000,3.9000,4.0000,4.1000,4.2000,4.3000,4.4000,4.5000,4.6000,4.7000,4.8000,4.9000,5.0000
};

uint8_t step_num02=31;	
float Motor_Plan02[4][501]=
{{-263.7898,-264.1246,-265.1199,-267.3135,-271.1311,-276.8648,-284.6848,-294.6501,-306.7196,-320.7640,-336.5792,-353.8997,-372.4134,-391.7754,-411.6220,-431.5837,-451.2978,-470.4189,-488.6284,-505.6427,-521.2192,-535.1621,-547.3261,-557.6209,-566.0143,-572.5374,-577.2901,-580.4478,-582.2705,-583.1132,-583.4366},
{-263.6391,-263.3057,-262.3071,-260.1069,-256.2689,-250.4807,-242.5378,-232.3324,-219.8441,-205.1322,-188.3276,-169.6268,-149.2844,-127.6064,-104.9421,-81.6756,-58.2153,-34.9833,-12.4029,9.1144,29.1831,47.4583,63.6503,77.5397,88.9919,97.9713,104.5545,108.9430,111.4745,112.6338,113.0639},
{-263.6577,-263.3231,-262.3256,-260.1254,-256.2873,-250.4990,-242.5560,-232.3504,-219.8620,-205.1499,-188.3452,-169.6441,-149.3015,-127.6233,-104.9588,-81.6920,-58.2314,-34.9992,-12.4185,9.0991,29.1681,47.4435,63.6357,77.5253,88.9777,97.9572,104.5406,108.9291,111.4606,112.6200,113.0500},
{-263.8085,-264.1424,-265.1392,-267.3330,-271.1508,-276.8846,-284.7047,-294.6702,-306.7399,-320.7845,-336.5999,-353.9206,-372.4346,-391.7968,-411.6436,-431.6056,-451.3200,-470.4412,-488.6510,-505.6654,-521.2421,-535.1852,-547.3495,-557.6444,-566.0380,-572.5614,-577.3142,-580.4722,-582.2952,-583.1383,-583.4621}
};
float t_plan02[31]=
{0.0000,0.1000,0.2000,0.3000,0.4000,0.5000,0.6000,0.7000,0.8000,0.9000,1.0000,1.1000,1.2000,1.3000,1.4000,1.5000,1.6000,1.7000,1.8000,1.9000,2.0000,2.1000,2.2000,2.3000,2.4000,2.5000,2.6000,2.7000,2.8000,2.9000,3.0000
};

uint8_t step_num03=101;	
float Motor_Plan03[4][501]=
{{-583.4366,-584.6772,-591.9368,-607.4948,-630.1280,-656.2685,-681.6222,-702.7904,-718.2652,-728.4289,-734.7518,-738.5288,-740.6242,-740.6235,-738.8149,-734.9897,-728.8802,-720.5526,-710.0726,-697.5122,-682.9521,-666.4819,-648.1992,-628.2097,-606.6253,-583.5638,-559.1474,-533.5017,-506.7548,-479.0360,-450.4745,-421.1986,-391.3339,-361.0012,-330.3126,-299.3621,-268.1953,-235.4703,-202.2725,-170.2275,-140.0564,-110.6006,-81.8943,-54.0048,-27.0091,-0.9857,23.9886,47.8396,70.4969,91.8942,111.9698,130.6661,147.9302,163.7140,177.9734,190.6690,201.7653,211.2306,219.0362,225.1553,229.5602,232.2139,233.4400,233.4390,231.8991,229.2914,224.9126,218.8111,211.0187,201.5639,190.4765,177.7886,163.5362,147.7589,130.5009,111.8107,91.7411,70.3498,47.6987,23.8542,-1.1133,-27.1296,-54.1175,-81.9984,-110.6951,-140.1394,-170.2961,-202.2700,-235.4633,-268.1309,-299.2868,-331.2557,-367.5446,-408.7976,-452.5433,-494.6278,-530.7778,-557.8989,-574.7592,-582.1924,-583.4366},
{113.0639,112.0476,105.9606,92.0548,69.3970,38.6383,2.0173,-36.9929,-74.6815,-108.5765,-139.0281,-169.2615,-201.8759,-235.0028,-267.0646,-298.1568,-329.0675,-359.7301,-390.0438,-419.8936,-449.1575,-477.7088,-505.4188,-532.1578,-557.7963,-582.2060,-605.2611,-626.8392,-646.8224,-665.0984,-681.5616,-696.1136,-708.6646,-719.1332,-727.4458,-733.5339,-737.3233,-739.3566,-739.3562,-737.4590,-733.6468,-727.5455,-719.2240,-708.7488,-696.1926,-681.6362,-665.1695,-646.8904,-626.9044,-605.3238,-582.2664,-557.8545,-532.2140,-505.4729,-477.7608,-449.2075,-419.9415,-390.0893,-359.7730,-329.1076,-298.1934,-267.0966,-235.0063,-201.8773,-169.2314,-138.9904,-109.5020,-80.7765,-52.8742,-25.8693,0.1612,25.1411,48.9969,71.6583,93.0594,113.1384,131.8379,149.1052,164.8919,179.1542,191.8526,202.9516,212.4193,220.2269,226.3473,230.7519,233.4018,234.6938,234.6933,233.2542,230.6258,226.0574,218.5666,206.9754,190.8630,171.2370,150.6576,132.5668,119.9867,114.0764,113.0639},
{113.0500,114.0623,119.9716,132.5495,150.6367,171.2115,190.8320,206.9381,218.5222,226.0051,230.5637,233.1761,234.7056,234.7066,233.4890,230.8309,226.4221,220.2993,212.4903,203.0217,191.9223,179.2236,164.9612,149.1745,131.9073,113.2079,93.1292,71.7285,49.0675,25.2124,0.2334,-25.7958,-52.7987,-80.6977,-109.4178,-138.8958,-169.1122,-201.5614,-234.7156,-267.0435,-298.1651,-329.0928,-359.7673,-390.0901,-419.9475,-449.2177,-477.7747,-505.4898,-532.2337,-557.8768,-582.2910,-605.3507,-626.9335,-646.9217,-665.2031,-681.6724,-696.2315,-708.7910,-719.2702,-727.5969,-733.7055,-737.5297,-739.3483,-739.3491,-737.2433,-733.4674,-727.3866,-719.0787,-708.6135,-696.0650,-681.5149,-665.0533,-646.7784,-626.7960,-605.2185,-582.1637,-557.7540,-532.1153,-505.3758,-477.6649,-449.1124,-419.8467,-389.9943,-359.6769,-329.0087,-298.0886,-266.9771,-234.7083,-201.5586,-169.1777,-138.9766,-108.5418,-74.6589,-36.9800,2.0222,38.6368,69.3904,92.0445,105.9480,112.0339,113.0500},
{-583.4621,-582.2177,-574.7838,-557.9218,-530.7979,-494.6440,-452.5541,-408.8015,-367.5397,-331.2394,-299.2545,-268.0673,-235.1657,-201.9469,-170.1890,-140.0503,-110.6142,-81.9221,-54.0440,-27.0578,-1.0426,23.9241,47.7681,70.4189,91.8099,111.8793,130.5694,147.8274,163.6047,177.8574,190.5456,201.6337,211.0895,218.8836,224.9880,229.3719,231.9905,233.4506,233.4511,232.1400,229.4996,225.1034,218.9907,211.1903,201.7295,190.6372,177.9453,163.6893,147.9089,130.6480,111.9550,91.8828,70.4888,47.8352,23.9881,-0.9818,-27.0004,-53.9902,-81.8723,-110.5690,-140.0104,-170.1557,-201.9480,-235.1689,-268.0973,-299.2898,-330.2519,-360.9472,-391.2841,-421.1517,-450.4296,-478.9925,-506.7124,-533.4599,-559.1058,-583.5223,-606.5836,-628.1675,-648.1563,-666.4380,-682.9069,-697.4652,-710.0233,-720.5003,-728.8236,-734.9268,-738.7412,-740.6171,-740.6175,-738.6059,-734.8142,-728.4827,-718.3125,-702.8323,-681.6596,-656.3020,-630.1583,-607.5227,-591.9632,-584.7028,-583.4621}
};
float t_plan03[101]=
{0.0000,0.1000,0.2000,0.3000,0.4000,0.5000,0.6000,0.7000,0.8000,0.9000,1.0000,1.1000,1.2000,1.3000,1.4000,1.5000,1.6000,1.7000,1.8000,1.9000,2.0000,2.1000,2.2000,2.3000,2.4000,2.5000,2.6000,2.7000,2.8000,2.9000,3.0000,3.1000,3.2000,3.3000,3.4000,3.5000,3.6000,3.7000,3.8000,3.9000,4.0000,4.1000,4.2000,4.3000,4.4000,4.5000,4.6000,4.7000,4.8000,4.9000,5.0000,5.1000,5.2000,5.3000,5.4000,5.5000,5.6000,5.7000,5.8000,5.9000,6.0000,6.1000,6.2000,6.3000,6.4000,6.5000,6.6000,6.7000,6.8000,6.9000,7.0000,7.1000,7.2000,7.3000,7.4000,7.5000,7.6000,7.7000,7.8000,7.9000,8.0000,8.1000,8.2000,8.3000,8.4000,8.5000,8.6000,8.7000,8.8000,8.9000,9.0000,9.1000,9.2000,9.3000,9.4000,9.5000,9.6000,9.7000,9.8000,9.9000,10.0000
};

uint8_t step_num04=21;	
float Motor_Plan04[4][501]=
{{-583.4366,-584.0598,-585.6194,-588.8841,-594.2993,-602.0221,-611.9616,-623.8258,-637.1713,-651.4559,-666.0889,-680.4777,-694.0684,-706.3792,-717.0263,-725.7445,-732.4056,-737.0366,-739.8424,-741.2355,-741.8722},
{113.0639,113.9027,116.0755,120.6657,128.3317,139.3630,153.7316,171.1416,191.0765,212.8458,235.6335,258.5492,280.6831,301.1645,319.2233,334.2544,345.8816,354.0223,358.9490,361.3487,362.3815},
{113.0500,113.8888,116.0617,120.6519,128.3181,139.3495,153.7183,171.1285,191.0637,212.8333,235.6213,258.5374,280.6717,301.1534,319.2126,334.2439,345.8713,354.0122,358.9388,361.3385,362.3711},
{-583.4621,-584.0861,-585.6463,-588.9114,-594.3269,-602.0499,-611.9896,-623.8539,-637.1995,-651.4841,-666.1171,-680.5059,-694.0967,-706.4075,-717.0546,-725.7729,-732.4343,-737.0657,-739.8721,-741.2660,-741.9039}
};
float t_plan04[21]=
{0.0000,0.1000,0.2000,0.3000,0.4000,0.5000,0.6000,0.7000,0.8000,0.9000,1.0000,1.1000,1.2000,1.3000,1.4000,1.5000,1.6000,1.7000,1.8000,1.9000,2.0000
};

uint8_t step_num05=151;	
float Motor_Plan05[4][501]=
{{-741.8722,-743.2675,-751.4680,-769.2639,-795.8125,-827.8068,-860.9360,-891.3334,-916.6282,-936.3599,-951.8576,-965.2716,-977.0758,-987.2224,-995.6667,-1002.3652,-1007.2715,-1010.6783,-1012.6700,-1013.0125,-1011.8917,-1009.3222,-1005.2957,-999.4627,-991.8682,-982.5537,-971.5616,-958.9375,-944.7301,-928.9917,-911.7782,-893.1485,-873.1643,-851.8901,-829.3919,-805.7380,-780.9974,-755.2405,-728.5379,-700.9606,-672.5794,-643.4648,-613.6867,-583.3139,-552.4141,-521.0537,-489.2973,-457.2077,-424.8453,-392.2674,-359.5279,-326.6753,-293.7504,-260.7795,-227.7569,-193.3056,-158.3275,-123.1937,-88.6618,-56.2949,-24.9362,5.8266,35.9909,65.5376,94.4407,122.6709,150.1977,176.9904,203.0187,228.2530,252.6647,276.2266,298.9122,320.6969,341.5569,361.4703,380.4161,398.3749,415.3288,431.2608,446.1555,459.9987,472.7772,484.4789,495.0927,504.6083,513.0161,520.3066,526.4704,531.4972,535.3741,538.0831,539.6510,540.7966,540.9610,540.3551,538.6579,536.5681,533.2946,528.8567,523.2720,516.5532,508.7108,499.7546,489.6945,478.5406,466.3039,452.9960,438.6297,423.2186,406.7778,389.3234,370.8728,351.4449,331.0599,309.7391,287.5055,264.3833,240.3981,215.5768,189.9473,163.5388,136.3814,108.5055,79.9421,50.7213,20.8711,-9.5848,-40.6334,-72.2878,-105.8500,-140.6914,-175.8609,-210.6170,-244.1990,-277.1847,-310.1289,-343.0172,-375.8148,-408.4763,-440.9502,-474.2490,-512.0100,-554.9709,-600.7331,-645.1815,-683.9205,-713.4866,-732.1574,-740.4744,-741.8722},
{362.3815,361.3638,355.2912,341.5511,319.4869,290.0062,255.3752,218.8093,183.6266,152.0064,123.5731,95.3396,66.4317,36.8776,6.7020,-24.0792,-55.4706,-88.4244,-122.9565,-158.0425,-192.8807,-226.7397,-259.7035,-292.6379,-325.5371,-358.3702,-391.0944,-423.6597,-456.0116,-488.0923,-519.8409,-551.1945,-582.0884,-612.4559,-642.2294,-671.3397,-699.7170,-727.2908,-753.9901,-779.7440,-804.4816,-828.1327,-850.6279,-871.8992,-891.8803,-910.5066,-927.7164,-943.4505,-957.6529,-970.2711,-981.2557,-990.5610,-998.1432,-1003.9590,-1007.9592,-1010.7561,-1011.8772,-1011.5337,-1009.5444,-1006.3160,-1001.3871,-994.6729,-986.2168,-976.0607,-964.2488,-950.8284,-935.8502,-919.3683,-901.4403,-882.1266,-861.4903,-839.5968,-816.5135,-792.3089,-767.0529,-740.8160,-713.6693,-685.6836,-656.9298,-627.4780,-597.3977,-566.7575,-535.6243,-504.0639,-472.1403,-439.9152,-407.4481,-374.7952,-342.0089,-309.1360,-276.2140,-243.2638,-210.1617,-175.5228,-140.4574,-105.6100,-71.3967,-39.6532,-8.5640,21.9203,51.7922,81.0305,109.6084,137.4967,164.6652,191.0834,216.7218,241.5514,265.5443,288.6737,310.9142,332.2416,352.6331,372.0674,390.5242,407.9850,424.4322,439.8498,454.2230,467.5379,479.7821,490.9439,501.0127,509.9783,517.8313,524.5621,530.1610,534.6162,537.9124,540.0249,541.4653,542.0700,541.9025,540.7501,538.9669,536.2715,532.4025,527.3805,521.2196,513.9307,505.5238,495.6726,482.9405,466.3352,445.9861,423.3390,401.0144,382.1556,369.3452,363.3965,362.3815},
{362.3711,363.3861,369.3340,382.1428,400.9993,423.3208,445.9644,466.3098,482.9113,495.6400,505.4878,513.8911,521.1759,527.3321,532.3485,536.2104,538.8960,540.7686,541.9213,542.0888,541.4867,540.1271,538.0084,534.7087,530.2514,524.6513,517.9197,510.0663,501.1005,491.0318,479.8701,467.6261,454.3113,439.9384,424.5210,408.0740,390.6135,372.1569,352.7229,332.3315,311.0043,288.7640,265.6348,241.6422,216.8129,191.1749,164.7571,137.5894,109.7021,81.1256,51.8895,22.0210,-8.4580,-39.5381,-71.2405,-105.2815,-140.1316,-175.2382,-209.9223,-243.2256,-276.1914,-309.1239,-342.0045,-374.7968,-407.4545,-439.9257,-472.1542,-504.0808,-535.6437,-566.7791,-597.4214,-627.5034,-656.9567,-685.7120,-713.6990,-740.8469,-767.0849,-792.3419,-816.5475,-839.6319,-861.5264,-882.1638,-901.4786,-919.4079,-935.8912,-950.8710,-964.2933,-976.1075,-986.2664,-994.7263,-1001.4455,-1006.3816,-1009.5350,-1011.5240,-1011.8682,-1010.7463,-1007.8872,-1003.8889,-998.0800,-990.5027,-981.2014,-970.2198,-957.6042,-943.4039,-927.6715,-910.4633,-891.8382,-871.8583,-850.5879,-828.0934,-804.4429,-779.7057,-753.9522,-727.2530,-699.6792,-671.3018,-642.1912,-612.4173,-582.0491,-551.1544,-519.7997,-488.0497,-455.9674,-423.6134,-391.0454,-358.3178,-325.4802,-292.5747,-259.6307,-226.6509,-192.6107,-157.7267,-122.6281,-88.0997,-55.3940,-24.0212,6.7477,36.9143,66.4613,95.3636,123.5922,152.0212,183.6370,218.8153,255.3769,290.0040,319.4814,341.5432,355.2817,361.3536,362.3711},
{-741.9039,-740.5060,-732.1886,-713.5169,-683.9495,-645.2084,-600.7574,-554.9921,-512.0278,-474.2632,-440.9607,-408.4826,-375.8160,-343.0121,-310.1155,-277.1598,-244.1565,-210.3715,-175.5696,-140.3581,-105.5155,-72.1627,-40.5228,-9.4819,20.9694,50.8166,80.0355,108.5976,136.4726,163.6294,190.0375,215.6666,240.4878,264.4728,287.5948,309.8282,331.1489,351.5338,370.9615,389.4118,406.8660,423.3066,438.7175,453.0837,466.3914,478.6280,489.7818,499.8420,508.7985,516.6414,523.3611,528.9473,533.3876,536.6652,538.7524,540.3755,540.9788,540.8144,539.6685,538.0136,535.3137,531.4434,526.4221,520.2628,512.9762,504.5719,495.0595,484.4486,472.7496,459.9736,446.1329,431.2405,415.3108,398.3592,380.4026,361.4590,341.5480,320.6902,298.9080,276.2248,252.6656,228.2566,203.0253,177.0003,150.2113,122.6885,94.4630,65.5654,36.0253,5.8695,-24.8820,-56.2240,-88.3318,-122.8585,-158.0047,-193.0292,-227.6445,-260.7037,-293.6855,-326.6174,-359.4749,-392.2182,-424.7989,-457.1636,-489.2550,-521.0128,-552.3744,-583.2751,-613.6486,-643.4272,-672.5421,-700.9235,-728.5008,-755.2033,-780.9600,-805.7001,-829.3536,-851.8510,-873.1244,-893.1075,-911.7360,-928.9481,-944.6847,-958.8901,-971.5119,-982.5010,-991.8119,-999.4018,-1005.2286,-1009.2459,-1011.8831,-1013.0048,-1012.6616,-1010.6700,-1007.3406,-1002.4261,-995.7223,-987.2739,-977.1242,-965.3175,-951.9015,-936.4021,-916.6687,-891.3721,-860.9730,-827.8423,-795.8465,-769.2968,-751.5001,-743.2992,-741.9039}
};
float t_plan05[151]=
{0.0000,0.1000,0.2000,0.3000,0.4000,0.5000,0.6000,0.7000,0.8000,0.9000,1.0000,1.1000,1.2000,1.3000,1.4000,1.5000,1.6000,1.7000,1.8000,1.9000,2.0000,2.1000,2.2000,2.3000,2.4000,2.5000,2.6000,2.7000,2.8000,2.9000,3.0000,3.1000,3.2000,3.3000,3.4000,3.5000,3.6000,3.7000,3.8000,3.9000,4.0000,4.1000,4.2000,4.3000,4.4000,4.5000,4.6000,4.7000,4.8000,4.9000,5.0000,5.1000,5.2000,5.3000,5.4000,5.5000,5.6000,5.7000,5.8000,5.9000,6.0000,6.1000,6.2000,6.3000,6.4000,6.5000,6.6000,6.7000,6.8000,6.9000,7.0000,7.1000,7.2000,7.3000,7.4000,7.5000,7.6000,7.7000,7.8000,7.9000,8.0000,8.1000,8.2000,8.3000,8.4000,8.5000,8.6000,8.7000,8.8000,8.9000,9.0000,9.1000,9.2000,9.3000,9.4000,9.5000,9.6000,9.7000,9.8000,9.9000,10.0000,10.1000,10.2000,10.3000,10.4000,10.5000,10.6000,10.7000,10.8000,10.9000,11.0000,11.1000,11.2000,11.3000,11.4000,11.5000,11.6000,11.7000,11.8000,11.9000,12.0000,12.1000,12.2000,12.3000,12.4000,12.5000,12.6000,12.7000,12.8000,12.9000,13.0000,13.1000,13.2000,13.3000,13.4000,13.5000,13.6000,13.7000,13.8000,13.9000,14.0000,14.1000,14.2000,14.3000,14.4000,14.5000,14.6000,14.7000,14.8000,14.9000,15.0000
};

uint8_t step_num06=41;	
float Motor_Plan06[4][501]=
{{-741.8722,-741.6453,-741.1137,-739.9923,-738.0421,-735.0653,-730.9013,-725.4220,-718.5290,-710.1507,-700.2415,-688.7800,-675.7697,-661.2390,-645.2416,-627.8571,-609.1915,-589.3768,-568.5704,-546.9540,-524.7310,-502.1238,-479.3701,-456.7186,-434.4234,-412.7392,-391.9146,-372.1864,-353.7731,-336.8681,-321.6340,-308.1963,-296.6376,-286.9920,-279.2410,-273.3083,-269.0562,-266.2825,-264.7164,-264.0508,-263.7898},
{362.3815,362.0116,361.0953,359.1260,355.6860,350.4421,343.1417,333.6091,321.7404,307.4989,290.9101,272.0554,251.0667,228.1198,203.4282,177.2365,149.8140,121.4481,92.4382,63.0894,33.7071,4.5913,-23.9682,-51.6967,-78.3382,-103.6593,-127.4521,-149.5369,-169.7644,-188.0178,-204.2142,-218.3070,-230.2869,-240.1852,-248.0753,-254.0767,-258.3583,-261.1427,-262.7122,-263.4463,-263.6391},
{362.3711,362.0013,361.0850,359.1158,355.6757,350.4317,343.1313,333.5985,321.7296,307.4880,290.8989,272.0439,251.0548,228.1076,203.4156,177.2236,149.8007,121.4344,92.4240,63.0748,33.6922,4.5760,-23.9839,-51.7127,-78.3545,-103.6759,-127.4690,-149.5540,-169.7818,-188.0353,-204.2320,-218.3249,-230.3050,-240.2034,-248.0937,-254.0952,-258.3768,-261.1613,-262.7306,-263.3970,-263.6577},
{-741.9039,-741.6765,-741.1446,-740.0228,-738.0723,-735.0952,-730.9309,-725.4512,-718.5578,-710.1792,-700.2696,-688.8077,-675.7971,-661.2660,-645.2681,-627.8832,-609.2171,-589.4020,-568.5952,-546.9783,-524.7549,-502.1473,-479.3932,-456.7413,-434.4458,-412.7612,-391.9363,-372.2078,-353.7941,-336.8889,-321.6546,-308.2166,-296.6577,-287.0120,-279.2608,-273.3279,-269.0757,-266.3018,-264.7354,-264.0019,-263.8085}
};
float t_plan06[41]=
{0.0000,0.1000,0.2000,0.3000,0.4000,0.5000,0.6000,0.7000,0.8000,0.9000,1.0000,1.1000,1.2000,1.3000,1.4000,1.5000,1.6000,1.7000,1.8000,1.9000,2.0000,2.1000,2.2000,2.3000,2.4000,2.5000,2.6000,2.7000,2.8000,2.9000,3.0000,3.1000,3.2000,3.3000,3.4000,3.5000,3.6000,3.7000,3.8000,3.9000,4.0000
};

uint8_t step_num07=31;	
float Motor_Plan07[4][501]=
{{-263.7898,-263.4389,-262.4452,-260.2446,-256.4057,-250.6167,-242.6728,-232.4663,-219.9769,-205.2635,-188.4575,-169.7549,-149.4105,-127.7303,-105.0637,-81.7946,-58.3315,-35.0967,-12.5133,9.0069,29.0786,47.3565,63.5511,77.4429,88.8973,97.8786,104.4634,108.8533,111.3860,112.5466,112.9779},
{-263.6391,-263.9869,-264.9758,-267.1676,-270.9839,-276.7164,-284.5353,-294.4996,-306.5680,-320.6114,-336.4255,-353.7450,-372.2578,-391.6190,-411.4648,-431.4259,-451.1394,-470.2601,-488.4692,-505.4831,-521.0594,-535.0020,-547.1658,-557.4602,-565.8532,-572.3757,-577.1276,-580.2842,-582.1056,-582.9466,-583.2678},
{-263.6577,-264.0060,-264.9951,-267.1870,-271.0035,-276.7361,-284.5552,-294.5196,-306.5883,-320.6318,-336.4461,-353.7659,-372.2789,-391.6403,-411.4864,-431.4477,-451.1615,-470.2824,-488.4917,-505.5059,-521.0823,-535.0252,-547.1891,-557.4837,-565.8769,-572.3996,-577.1517,-580.3085,-582.1303,-582.9716,-583.2933},
{-263.8085,-263.4577,-262.4639,-260.2632,-256.4242,-250.6350,-242.6910,-232.4844,-219.9948,-205.2814,-188.4751,-169.7723,-149.4278,-127.7474,-105.0805,-81.8111,-58.3478,-35.1126,-12.5290,8.9915,29.0634,47.3416,63.5365,77.4284,88.8830,97.8644,104.4493,108.8393,111.3720,112.5326,112.9639}
};
float t_plan07[31]=
{0.0000,0.1000,0.2000,0.3000,0.4000,0.5000,0.6000,0.7000,0.8000,0.9000,1.0000,1.1000,1.2000,1.3000,1.4000,1.5000,1.6000,1.7000,1.8000,1.9000,2.0000,2.1000,2.2000,2.3000,2.4000,2.5000,2.6000,2.7000,2.8000,2.9000,3.0000
};

uint8_t step_num08=81;	
float Motor_Plan08[4][501]=
{{112.9779,113.6100,117.2834,124.9964,135.7753,147.4122,157.5421,164.6214,168.3564,169.4209,168.7003,166.5438,162.9636,157.9783,151.6136,143.9016,134.8814,124.5978,113.1013,100.4461,86.9106,72.4583,57.0972,40.9016,24.0697,6.6251,-11.4388,-30.0097,-48.9736,-68.2145,-87.6136,-107.0502,-126.4015,-145.5440,-164.3536,-182.7070,-200.4825,-217.5624,-233.8402,-249.0390,-262.9952,-276.0672,-288.3101,-298.9064,-308.0824,-315.7792,-321.9410,-326.5214,-329.4850,-330.8079,-330.4785,-328.4969,-324.8752,-319.6365,-312.8145,-304.4509,-294.5922,-283.1986,-269.8602,-255.1484,-239.2404,-222.2897,-205.2480,-187.4985,-169.1393,-150.2820,-131.0446,-111.5478,-91.9134,-72.2627,-52.7159,-32.7527,-10.3270,14.7472,40.7187,64.9674,85.0990,99.6983,108.5213,112.3426,112.9779},
{-583.2678,-582.4902,-577.8380,-567.2493,-550.1399,-527.2585,-500.6183,-473.0423,-447.2502,-424.8146,-405.3139,-386.6313,-368.2465,-350.2657,-332.7906,-315.9179,-299.7386,-284.3366,-269.7871,-256.1514,-243.0215,-230.7750,-219.7162,-209.9938,-202.0083,-195.6955,-190.7717,-187.2418,-185.1120,-184.3852,-185.0595,-187.1274,-190.5753,-195.3833,-201.5255,-208.9696,-217.6776,-227.6075,-238.7243,-251.3035,-264.3224,-278.1679,-293.2502,-309.1672,-325.7957,-343.0497,-360.8334,-379.0453,-397.5790,-416.3242,-435.1670,-453.9908,-472.6766,-491.1034,-509.1491,-526.6902,-543.6021,-559.7912,-575.3570,-590.0193,-603.6822,-616.2280,-627.8457,-638.1490,-647.0691,-654.5427,-660.5156,-664.9438,-667.7943,-669.0461,-668.6902,-666.6373,-662.2009,-654.3679,-642.6724,-627.8878,-612.1340,-598.2289,-588.5710,-584.0428,-583.2678},
{-583.2933,-584.0683,-588.5969,-598.2557,-612.1623,-627.9178,-642.7043,-654.4018,-662.2368,-666.6751,-668.7298,-669.0876,-667.8379,-664.9898,-660.5644,-654.5948,-647.1252,-638.2103,-627.9137,-616.3063,-603.6753,-590.0127,-575.3509,-559.7849,-543.5270,-526.6221,-509.0856,-491.0432,-472.6188,-453.9349,-435.1125,-416.2707,-397.5262,-378.9930,-360.7813,-342.9973,-325.7426,-309.1121,-293.1880,-278.2181,-264.3422,-251.1830,-238.6546,-227.5480,-217.6198,-208.9119,-201.4672,-195.3240,-190.5145,-187.0649,-184.9949,-184.3180,-185.0415,-187.1670,-190.6910,-195.6063,-201.9053,-209.6781,-219.4012,-230.4695,-242.7343,-256.0826,-269.7409,-284.3044,-299.7161,-315.9028,-332.7813,-350.2612,-368.2461,-386.6345,-405.3202,-424.8237,-447.2622,-473.0572,-500.6361,-527.2788,-550.1624,-567.2733,-577.8629,-582.5156,-583.2933},
{112.9639,112.3287,108.5080,99.6864,85.0893,64.9604,40.7149,14.7467,-10.3240,-32.7466,-52.7068,-72.2503,-91.8974,-111.5277,-131.0196,-150.2511,-169.1009,-187.4504,-205.1858,-222.2044,-238.9232,-254.8321,-269.5531,-282.9063,-294.4990,-304.3713,-312.7432,-319.5707,-324.8132,-328.4377,-330.4212,-330.7521,-329.4301,-326.4671,-321.8868,-315.7248,-308.0270,-298.8484,-288.2408,-275.9428,-263.0139,-249.0891,-233.7753,-217.5037,-200.4250,-182.6494,-164.2955,-145.4851,-126.3416,-106.9890,-87.5510,-68.1501,-48.9072,-29.9407,-11.3666,6.7017,24.1528,40.9114,57.1066,72.4679,86.9204,100.3660,113.0321,124.5360,134.8253,143.8502,151.5661,157.9343,162.9227,166.5058,168.6650,169.3881,168.3264,164.5944,157.5182,147.3915,135.7572,124.9804,117.2687,113.5959,112.9639}
};
float t_plan08[81]=
{0.0000,0.1000,0.2000,0.3000,0.4000,0.5000,0.6000,0.7000,0.8000,0.9000,1.0000,1.1000,1.2000,1.3000,1.4000,1.5000,1.6000,1.7000,1.8000,1.9000,2.0000,2.1000,2.2000,2.3000,2.4000,2.5000,2.6000,2.7000,2.8000,2.9000,3.0000,3.1000,3.2000,3.3000,3.4000,3.5000,3.6000,3.7000,3.8000,3.9000,4.0000,4.1000,4.2000,4.3000,4.4000,4.5000,4.6000,4.7000,4.8000,4.9000,5.0000,5.1000,5.2000,5.3000,5.4000,5.5000,5.6000,5.7000,5.8000,5.9000,6.0000,6.1000,6.2000,6.3000,6.4000,6.5000,6.6000,6.7000,6.8000,6.9000,7.0000,7.1000,7.2000,7.3000,7.4000,7.5000,7.6000,7.7000,7.8000,7.9000,8.0000
};

uint8_t step_num09=31;	
float Motor_Plan09[4][501]=
{{112.9779,112.5466,111.3860,108.8533,104.4634,97.8786,88.8973,77.4429,63.5511,47.3565,29.0786,9.0069,-12.5133,-35.0967,-58.3315,-81.7946,-105.0637,-127.7303,-149.4105,-169.7549,-188.4575,-205.2635,-219.9769,-232.4663,-242.6728,-250.6167,-256.4057,-260.2446,-262.4452,-263.4389,-263.7898},
{-583.2678,-582.9466,-582.1056,-580.2842,-577.1276,-572.3757,-565.8532,-557.4602,-547.1658,-535.0020,-521.0594,-505.4831,-488.4692,-470.2601,-451.1394,-431.4259,-411.4648,-391.6190,-372.2578,-353.7450,-336.4255,-320.6114,-306.5680,-294.4996,-284.5353,-276.7164,-270.9839,-267.1676,-264.9758,-263.9869,-263.6391},
{-583.2933,-582.9716,-582.1303,-580.3085,-577.1517,-572.3996,-565.8769,-557.4837,-547.1891,-535.0252,-521.0823,-505.5059,-488.4917,-470.2824,-451.1615,-431.4477,-411.4864,-391.6403,-372.2789,-353.7659,-336.4461,-320.6318,-306.5883,-294.5196,-284.5552,-276.7361,-271.0035,-267.1870,-264.9951,-264.0060,-263.6577},
{112.9639,112.5326,111.3720,108.8393,104.4493,97.8644,88.8830,77.4284,63.5365,47.3416,29.0634,8.9915,-12.5290,-35.1126,-58.3478,-81.8111,-105.0805,-127.7474,-149.4278,-169.7723,-188.4751,-205.2814,-219.9948,-232.4844,-242.6910,-250.6350,-256.4242,-260.2632,-262.4639,-263.4577,-263.8085}
};
float t_plan09[31]=
{0.0000,0.1000,0.2000,0.3000,0.4000,0.5000,0.6000,0.7000,0.8000,0.9000,1.0000,1.1000,1.2000,1.3000,1.4000,1.5000,1.6000,1.7000,1.8000,1.9000,2.0000,2.1000,2.2000,2.3000,2.4000,2.5000,2.6000,2.7000,2.8000,2.9000,3.0000
};

